100 1 100
   0   0   0   0   0  53   0   0   0   0   0   0   0   0   0   0   0   0   0   0  63   0   0   0   0   0   0   0   0   0  38   0   0   0   0   0   0   0   0   0  43   0   0   0   0   0   0   0   0   0   0   0   0   0   0   0   0   0   0   0   0   0   0  52   0   0   0   0   0   0   0   0   0   0   0   0   0   0   0   0   0  23   0   0  90   0   0   0   0   0   0   0   0   0   0   0   0   0   0   0
   0   0   0   0   0   0   0   0   0   0   0   0   0   0   0   0   0   0   0  88   0  81   0   0   0   0   0   0   0   0   0   0   0   0   0   0   0   0   0   0   0   0   0   0   0   0   0   0   0   0   0   0   0   0   0   0   0   0   0   0   0   0   0   0   0   0   0   0   0   0   0   0   0   0   0   0   0   0   0   0   0   0   0   0   0   0   0   0   0   0   0   0   0   0   0   0   0   0   0   0
   0   0   0   0   0   0   0   0  60   0   0   0  86   0   0   0   0  36   0   0   0   0   0   0   0   0  69   0   0   0   0   0   0   0   0   0  18   0   0   0   0   0   0   0   0   0   0   0   0   0   0   0   0   0   0   0   0   0   0  94  39   0   0   0   0   0   0   0  94   0   0   0   0   0   0   0   0  76   0   0   0   0   0   0   0   0   0  83   0   0   0   0   0   0   0   0  80   0   0  23
   0   0   0   0   0   0   0   0   0   0   0   0   0   0   0  61   0   0   0   0  62   0   0   0   0   0   0   0   0   0   0   0   0   0  31   0   0   0   0   0   0   0   0   0   0  28   0   0   0   0   0   0   0   0   0   0   0   0   0   0   0  45   0   0   0   0  69   0   0   0   0   0   0   0   0   0   0   0   0   0   0   0   0  66   0   0   0   0   0   0   0  77   0   0   0   0   0   0   0   0
   0   0   0   0   0   0   0   0   0   0  82   0   0   0   0   0   0   0   0   0   0   0   0   0  56  24   0   0   0   0   0   0   0   0  37   0   0   0  77   0   0  54   0   0   0   0   0   0   0   0   0   0   0   0   0   0   0   0   0   0   0   0   0   0   0   0   0   0   0   0   0   0   0   0   0   0   0   0   0   0   0  72   0   0   0   0   0   0   0   0   0   0   0   0   0   0   0   0   0   0
  53   0   0   0   0   0  70   0   0   0   0   0   0   0   0   0   0   0  52   0   0   0   0   0   0   0   0   0   0  19   0   0   0   0   0   0   0  79   0   0   0   0   0  30   0   0   0   0   0   0   0   0   0   0   0   0   0  19   0   0   0   0  92   0   0   0   0   0   0   0   0   0   0   0   0   0   0  92  49   0   0   0   0   0   0   0   0   0   0   0   0   0   0   0   0   0  17   0  73   0
   0   0   0   0   0  70   0   0   0   0   0   0   0   0   0   0   0   0   0   0   0   0   0   0   0   0   0   0   3  38   0   0   0   0   0   0   0   0   0   0   0   0   0   0  10   0   0   0   0  91   0   0   0   4   0   0   0  72   0   0   0   0   0   0   0   0   0   0  23   0   0   0  94  85   0  42   0   0   0   0   0   0   0   0   0   0   0   0  74   4   0   0   0   0   0   0   0   0   0   0
   0   0   0   0   0   0   0   0   0   0   0  31   0   0   0  24   0   0   0   0   0   0   0   0   0   0   0   0   0   0   0  46   0   0   0   0   0   0   0   0   0   0   0   0   0   0   0   0   0  99   0   0   0   0  32   0   0   0   0   0   0   0   0   0   0   0   0   0   0   0   0   0   0   0   0   0   0   0   0   0   0   0  63   0   0   0  61   0   0   0   0   0   0   0   0   0   0   0   0   0
   0   0  60   0   0   0   0   0   0   0   0   0   0  99   0   0  61   0   0  90   0   0   0  12   0  88   0   0   0   0  31   0   0  91   0   0   0   0   0   0   0   0   0   0  30   0   0   0   0   0   0   0   0   0  11   0   0   0   0   0   0   0   0   0   0   3   0   0   0  94   0   0   0   0   0   0   0   0   0   0   0   0  81   0  14   0   0   0  66   0   0   0   0   0   0   0   0   0   0  29
   0   0   0   0   0   0   0   0   0   0   0   0   0   0   0   0   0   0  90   0   0   0   0   0   0   0   0   0  97   0   0   0   0   0  96   0   0   0   0   0   0   0   0   0   0   0   0   0   0   0  55   0   0   0   0   0   0   0  63   0   0   0   0  18   0   0   0   0   0   0   0  53   0   0   0   0   0  36  30   0   0   0   0  52   0   0   0   0   0  61   0   0   0   0   0  24   0   0   0   0
   0   0   0   0  82   0   0   0   0   0   0  55   0   0   0  64   0   0  44   0   0   0   0   0   0   0   0  47   0   0   0  62  56   0   0   0   0  63   0   0   0   0   0   0   0   0   0   2   0   0   0   0   0   0  22  92   0   0  48   0   0   0   0   0   0   0   0   0   0   0   0   0   0   0   0  37   0   0   0   0   0   0   1   0   0   0  78   0   0   0   0   0   0   0   0   0   0   0   0  88
   0   0   0   0   0   0   0  31   0   0  55   0   0   0  64   0   0   0   0   0   0   0   0   0   0   0   0   0   0   0   0   0  54   0   0   0   0   0   0  81   0   0   0   0   0   0   0   0   0   0   0   0   0   0   0   0   0   0  29   0  17   0   0  39   0   0   0   0   0   0   0   0   0   0   0   0   0   0   0   0   0   0   0   0   0   0   0   0   0  17   0   0   0   0   0   0   0   0   0   0
   0   0  86   0   0   0   0   0   0   0   0   0   0   0   0  37   0  61   0   0   0   0   0   0   0   0   0   0   0   0   0   0   0   0   2   0   0   0  93   0   0   0   0   0   0   0   0   0  89   0   6   0   0   0   0   0   0   0   0   0  50   0   0   0  33   0   0   0   0   0   0   0  86   0   0   0   0   0   0   0   0   0   0   0  22   0   0   0   0   0   0   0   0   0   0   0   0   0   0   0
   0   0   0   0   0   0   0   0  99   0   0   0   0   0   0   0   0   0   0   0   0   0   0   0   0  37   0   0   0   0   0   0  58   0   0   0   0   0   0   0   0   0   0   0   0   0   0  92   0   0   0   0   0   0   0  86   0   0   0  49   7   0   0   0   0  48   0   0   0  29   0   8   0  84  66   0   0  54   0   0   0   0   0   0   0   0   0   0  60   0   0   0   0   0   0  34   0   0   0   0
   0   0   0   0   0   0   0   0   0   0   0  64   0   0   0   0   0  15   0  51  47   0   0   0   0   0   0   0   0   0   0   0   0   0   0   0   0   0   0   0   0   0   0   0   0   0   0   0   0   0   0  29   0   0  87   0   0  75   0  38   0   0   9   0   0   0   0   0   0   0   0   0   0   0   0   0  46  15   0   0   0   0   0   0   0   0   0   0 100   0   0   0   0   0   0   0   0   0   0   0
   0   0   0  61   0   0   0  24   0   0  64   0  37   0   0   0   0   0   0   0  64  75   0   0   0   0   0   0   0   0   0   0   0   0   0   0   0   0   0   0   0   0   0   0   0  32   0   0   0   0   0   0   0   0  22   0   0   0   0   0   0   0   0   0   0  78   0   0   0   0   0   0   0   0   0   0  46   0   0   0   0   0   0   0   0   0   0   0   0   0   0   0   0   0  25   0   0   0   0   0
   0   0   0   0   0   0   0   0  61   0   0   0   0   0   0   0   0   0   0   0   0   0   0   0   0   0   0   0   0   0   0   0   0   0   0   0   0   0   0   0   0   0   0   0   0   0   0   0   0   0   0   0   0   0   0   0  24  14   0   0   0   0   0   3   0   0   0   0   0   0   0   0   0   0   0   0   0   0   0   0   0   0   0   0   0   0   0   0  90   0   0  78   0   0   0   0  80   0   0   0
   0   0  36   0   0   0   0   0   0   0   0   0  61   0  15   0   0   0   0   0   0   0   0   0   0   0   0   0   0   0  27   0   0   0   0  91   0   0   0   0   0  28   0   0   0   0   0   0   0   0   0   0   0   0   0   0   0   0   0   0   0   0   0   0   0   0  40  82   0   0   0   0   0  47   0   0   0   0   0  23   0   0   0   0   0   0   0   0   0   0   0   0  94   0   0   0   0  28   0   0
   0   0   0   0   0  52   0   0   0  90  44   0   0   0   0   0   0   0   0  47  77   0   0   0   0   0   0   0   0   0   0   0   0   0   0   0   0   0   0   0   0  35   0   0   0   0   0   0   0  32   0   0   0   0   0   0   0   0   0  60   0   0   0   0   0   0   0   0   0   0  51   0   0  66   0   0   0   0   0   0   0   0   0   0   0   0   0   0   0   0  27   0   0   0   0   0   0   0  36   0
   0  88   0   0   0   0   0   0  90   0   0   0   0   0  51   0   0   0  47   0   0   0   0   0  21   0   0   0   0   0   0   0  38   0   0  55   0   0  75   0   0   0  17   0  19   0   0   0   0   0   0   0   0   0   0   0   0   0   0   0   0   0   0   0   0   0   0  19   0   0   0  40  80   0   0   0   0   0   0   0   0  55  64   0   0   0   0   0   0  89   0   0   0  89   0   0   0   0   0   0
  63   0   0  62   0   0   0   0   0   0   0   0   0   0  47  64   0   0  77   0   0   0   0   0   0   0   0   0   0   0   0   0   0   0   0   0   0   0   0   0  76   0   0  57   0   0   0   0   0   0   0   0   0  77   0   0   0   0   0   0   0  15   0   0   0   0   0   0   0   0   0   0  59   0   0   0   0   0   0   0  87   0   0   0   0   0   0   0   0   0   0  68  54   0   0   0   0   0   0   0
   0  81   0   0   0   0   0   0   0   0   0   0   0   0   0  75   0   0   0   0   0   0   0   0   0   0   0   0   0   0   0   0   0   0   0   0   0   0   0   0   0   0   0   0   0   0   0   0   0   0   0   0   0   0   0  15   0   0   0   0   0   0   0   0  48   0   0   0   0   0   0   0   0   0   0   0   0   0   0   0   0   0   0   0   0   0   0   0   0  12   0  96   0   0   0   0   0   0   0   0
   0   0   0   0   0   0   0   0   0   0   0   0   0   0   0   0   0   0   0   0   0   0   0   0   0   0   0   0   0   0   0   0  34   0   0   0   0  49   0   3   0   0  30   0   0   0   0   0  63   0   0  93   0   0   0   0   0   0  43  60   0   0   0   0   0   0   0   0   0   0   0   0   0   0   0   0   0   0   0   0   0   0   0   0   0   0   0   0   0   0   0   0   0   0   0   0   0   0   0   0
   0   0   0   0   0   0   0   0  12   0   0   0   0   0   0   0   0   0   0   0   0   0   0   0   0   0   0   0   0   0   0   0   0   0   0   0   0   0   0   0   0   0   0   0   0  44   0   0   0   0   0   0   0   0   0   0   0   0   0   0   0   0   0   0   0   0   0   0   0   0   0   0   0   0   0   0   0   0   0   0   0   0   0   0   0   0   0   0   0   0   0 100   0   0   0   0   0   0   0   0
   0   0   0   0  56   0   0   0   0   0   0   0   0   0   0   0   0   0   0  21   0   0   0   0   0   0   0   0   0   0   0   0   0   0   0   0   0   0   0   0   0   0   0   0   0   0  77   0  33   0   0   0  38   0   0   0   0  39  77   0   0   0   0   0   0   0   0   0   0   0   0   0   0  44   0   0   0   0   0  31   0   0   0   0   0   0   0   0   0   0   0  58   0   0   0   0   0   0   0   0
   0   0   0   0  24   0   0   0  88   0   0   0   0  37   0   0   0   0   0   0   0   0   0   0   0   0  58   0   0   0   0   0   0   0   0   0   0   0   0   0   0   0   0   0   0   0  46   0   0   0   0  35   0   0   0   0   0   0   0   0   0   8   0   0   0   0   0   0   0   0   0   0   0   0   0   0   0   0   0   0   0   0   0   0   0   0   0   0   0   0   0   0   0   0   0   0   0   0   0   0
   0   0  69   0   0   0   0   0   0   0   0   0   0   0   0   0   0   0   0   0   0   0   0   0   0  58   0   0   0   0   0   5  69   0   0   0   0   0   0   0   0   0   0   0   0   0  34  65   0   0   0   0   0   0   0   0   0   0   0   0   0   0   0   0   0   0   0   0  54   0   0   0   0   8   0   0  28   0  78   0   0   0   0  67   0   0   0   0   0   0   0   0   0   0   0   0   0   0   0   0
   0   0   0   0   0   0   0   0   0   0  47   0   0   0   0   0   0   0   0   0   0   0   0   0   0   0   0   0   0   0   0   0   0   0   0   0   0   0   0   0  92  87   0  17   0   0   0   0   0   0   0   0   0   0   0   0   0   0   0   0   0   0  23   0  78   0   0  73   0   0   0   0   0   0   0   0   0   0   0   0   0   0   0  35   0  22   0   0   0   0  55   0   0   2   0   0   0   0   0   0
   0   0   0   0   0   0   3   0   0  97   0   0   0   0   0   0   0   0   0   0   0   0   0   0   0   0   0   0   0   0   0   0   0   0   0   0   0  42   0   0   0   0   0   0   0   0   0   0   0   0   0  67   0   0   0   0   0   0   0   0   0   0   0   0   0   0   0   0   0   0   0   0   0   0   0   0   0   0   0   0  80   0   0   0   0  48   0   0   0   0   0   0   0   0   0   0  42   0   0   0
   0   0   0   0   0  19  38   0   0   0   0   0   0   0   0   0   0   0   0   0   0   0   0   0   0   0   0   0   0   0   0   0   0   0   0   0   0   0   0  75   0   0   0   0   0   0   0   0   0   0   0   0   0   0   0   0   0   0   0   0   0  90   0  43   0   0   0   0   0   0   0   0   0   0   0   0   0   0   0  62   0   0   0   0   0  56   0   0   0   0   0   0   0   0   0  60   0   0   0   0
  38   0   0   0   0   0   0   0  31   0   0   0   0   0   0   0   0  27   0   0   0   0   0   0   0   0   0   0   0   0   0   0  40   0  59   0  60   0   0   0   0   0   0   0  58   0  44   0   0   0   0   0   0   0   0   0   0   0   0   0   0   0   0  97   0   0   0   0   0   0  51   0   0   0   0   0   0   0   0   0   0   0   0   0   0   0  26   0   0   0   0   0   0  70   0  95   0   0   0   0
   0   0   0   0   0   0   0  46   0   0  62   0   0   0   0   0   0   0   0   0   0   0   0   0   0   0   5   0   0   0   0   0   0   0   0   0   0   0   0   0   0   0   0   0   0   0   0   0   0   0   0   0   0   0   0   0   0   0   0   0   0   0   0   0   0   0   2   0  25   0   0   0   0   0   0   0   0   0   0   0   0   0   0   0   0   0   0   0  77   0   0   0   0   0   0  44   0   0   0   0
   0   0   0   0   0   0   0   0   0   0  56  54   0  58   0   0   0   0   0  38   0   0  34   0   0   0  69   0   0   0  40   0   0   0  54   0   0   0   0   0   0   0   0   0   0   0   0   0   0   0   0   0   0   0   0  21   0   0   0   0   0   0   0   0   0   0   0   0   0   0   0   0   0   0   0   0   0   0   0   0   0   0   0   0   0   0   0   0   0   0   0   0  87   0   0   0   0   0   0   0
   0   0   0   0   0   0   0   0  91   0   0   0   0   0   0   0   0   0   0   0   0   0   0   0   0   0   0   0   0   0   0   0   0   0   0   0   0   0   0   0   0  53   0   0   0   0   0   0   0   0   0   0   0   0   0   0   0   0   0   0   0   0   0   0   0   0   0   0   0   0   0   0   0   0   0   0  60   0  76   0   0   0   0   0   0   0   0   0   0   0   0   0   0   0   0   0   0   0   0  87
   0   0   0  31  37   0   0   0   0  96   0   0   2   0   0   0   0   0   0   0   0   0   0   0   0   0   0   0   0   0  59   0  54   0   0   0   0   0  77   0   0   0   0   0   0   0   0   0   0   0   0   0   0   0   0   0   0  18   0   0  27   0   0   0   0   0   0   0   0   0   0  44   0   0   0   0   0   0   0   0   0   0   0   0   0   0   0   0   0  14   0   0   0   0   0   0   0   0   0   0
   0   0   0   0   0   0   0   0   0   0   0   0   0   0   0   0   0  91   0  55   0   0   0   0   0   0   0   0   0   0   0   0   0   0   0   0   0   0   0   0   0   0   0   0   0   0   0   0   0  37   0   0   0   0  60   0   0  21  50   0   0   0   0   0   0   0   0   0   0   0   0  93   0   0   0   0   0   0   0   0   0   0   0   0   0   0   0   0   0   0   0  68   0   0   0   0   0   0   0   0
   0   0  18   0   0   0   0   0   0   0   0   0   0   0   0   0   0   0   0   0   0   0   0   0   0   0   0   0   0   0  60   0   0   0   0   0   0  12   0   0   0   0   0   0   0   0   0   0   0   0   0   0   0   0   0  34   0  26   0   0   0   0   0   0   0   0   0   0   0   0   0   0  57  30  26   0   0   0   0   0   0   0   0   0  97   0   0   0   0   0   0   0   0   0   0   0   0   0   0 100
   0   0   0   0   0  79   0   0   0   0  63   0   0   0   0   0   0   0   0   0   0   0  49   0   0   0   0   0  42   0   0   0   0   0   0   0  12   0   0  53   0   0   0   0   0   0   0   0   0  89   0   0   0   0  70   0   0   0   0   0   0   0  86   0   0   0   0   0  77   0   0   0   0   0   0   0   0   0   0   0   0   0   3  79   0   1   0   0   0   0   0  27   0   0   0   0   0   0   0   0
   0   0   0   0  77   0   0   0   0   0   0   0  93   0   0   0   0   0   0  75   0   0   0   0   0   0   0   0   0   0   0   0   0   0  77   0   0   0   0   0  96   0   0   0  37   0   0   0   0 100   0   0  99   0   0   0   0   0   0   0   0   0   0   0  26   0   0   0   0   0   0   0   0  20   0   0   0   0   0   0   0  26   0   0   0   0   0   0   0   0  88   0  17  69   0   0   0   0   0   0
   0   0   0   0   0   0   0   0   0   0   0  81   0   0   0   0   0   0   0   0   0   0   3   0   0   0   0   0   0  75   0   0   0   0   0   0   0  53   0   0   0   0   0   0   0   0   0   0   0   0   0   0   0   0   0   0   0   0   0   0   0   0   0   0   0   0   0   0   0   0   0  67  53   0   0   0   0   0   0   0   0   0   0   0   0   0   0  54   0   0   0   0   0   0   0   0   0   0   0   0
  43   0   0   0   0   0   0   0   0   0   0   0   0   0   0   0   0   0   0   0  76   0   0   0   0   0   0  92   0   0   0   0   0   0   0   0   0   0  96   0   0   0   0  92   0   0   0   0   0   0   0   0   0   0   0   0   0  91  14   0   0   0   0   0   0  70   0   0   0   0   0   0   0   0   0  20   0   0   0   0   0   0   0   0   0   0   0   0   0   0  76   0  87   0   0   0   0   0  20   0
   0   0   0   0  54   0   0   0   0   0   0   0   0   0   0   0   0  28  35   0   0   0   0   0   0   0   0  87   0   0   0   0   0  53   0   0   0   0   0   0   0   0   0   0   0   0   0   0   0   0   0  70   0   0   0   0   0   0   0   0   0   0   0   0   0   0   0   0   0   0   0   0   0   0   0   0  78  28   0   0   0   0   0   0   0   0   0   0   0   0   0   0   0   0  62   0   0   0   0   0
   0   0   0   0   0   0   0   0   0   0   0   0   0   0   0   0   0   0   0  17   0   0  30   0   0   0   0   0   0   0   0   0   0   0   0   0   0   0   0   0   0   0   0   0   0   0   0   0   0  60   0   0   0   0   0   0   0   0   0   0   0   0   0   0   0   0   0   0   0   0  45   0   0   0   0  19   0   0   0   0   0   0   0   0   0  20   0   0   0   0   0   0   0  29   0   0  51   0   0   0
   0   0   0   0   0  30   0   0   0   0   0   0   0   0   0   0   0   0   0   0  57   0   0   0   0   0   0  17   0   0   0   0   0   0   0   0   0   0   0   0  92   0   0   0   0   0   0   0   0   0   0  93   0   0   0   0   0   0   0   0  22   0   0   0   0   0   0   0   0   0   0   0   0   0   0   0   0   0   0   0   0   0   0   0  68   0   0   0   0   0   0   0   0  35   0   0   0   0   0   0
   0   0   0   0   0   0  10   0  30   0   0   0   0   0   0   0   0   0   0  19   0   0   0   0   0   0   0   0   0   0  58   0   0   0   0   0   0   0  37   0   0   0   0   0   0   0   0   0   0   0   0   0   0   0   0   0   0   0   0   0   0   0   0   0  99   0   0   0   0   0   0   0   0   0   0   0   0  76   0   0   0   0   0   0  83   0   0   0   0   0   0   0   0   0   0   0   0   0   0   0
   0   0   0  28   0   0   0   0   0   0   0   0   0   0   0  32   0   0   0   0   0   0   0  44   0   0   0   0   0   0   0   0   0   0   0   0   0   0   0   0   0   0   0   0   0   0   0   0   0   0   0   0   0   0   0   0   0   0   0   0   0   0   0   0  85  88   0   0   0   0   0   0   0   0   0   0   0   0   0   0   0   0  58   0   0   0   0   0   0   0   0   6   0   0   0  26   0   0   0   0
   0   0   0   0   0   0   0   0   0   0   0   0   0   0   0   0   0   0   0   0   0   0   0   0  77  46  34   0   0   0  44   0   0   0   0   0   0   0   0   0   0   0   0   0   0   0   0   0   0   0  46   4   0   0   0   0   0   0   0   0  25   0   0   0   0   0   0   0   0   0   0   0   0  66   0   0   0   0   0  83   0   0   0  82   0   0  56  93   0   0   0   0   0   0   0  36   0  12   0   0
   0   0   0   0   0   0   0   0   0   0   2   0   0  92   0   0   0   0   0   0   0   0   0   0   0   0  65   0   0   0   0   0   0   0   0   0   0   0   0   0   0   0   0   0   0   0   0   0   0   0   0   0   0   0   0   0   0   0   0   0  36   0   0   0   0   0   0   0   0   0   0   0   0   0   0   0   0   0   0   0   0  91   0   0   0   0   0   0   0   0   0   0   0   0   0   0   0   0   0   0
   0   0   0   0   0   0   0   0   0   0   0   0  89   0   0   0   0   0   0   0   0   0  63   0  33   0   0   0   0   0   0   0   0   0   0   0   0   0   0   0   0   0   0   0   0   0   0   0   0   0   0   0   0  24  62  90   0   0   0   0   0   0  64   0   0   0   0   0   0   0   0   0   0   0   0   0   0   0   0   0   0   0   0   0   0   0   0   0   0   0   0   0   0   0  58   0   0   0   0   0
   0   0   0   0   0   0  91  99   0   0   0   0   0   0   0   0   0   0  32   0   0   0   0   0   0   0   0   0   0   0   0   0   0   0   0  37   0  89 100   0   0   0  60   0   0   0   0   0   0   0   0   0   0   0   0   0   0   0   0   0   0   0   0   0   0   0   0   0   0  26   0   0   0   0   0   0  18   0   0   0   0   0   0  87   0   0   0   0   0   0   0   0   0   0   0   0  62   0   0   0
   0   0   0   0   0   0   0   0   0  55   0   0   6   0   0   0   0   0   0   0   0   0   0   0   0   0   0   0   0   0   0   0   0   0   0   0   0   0   0   0   0   0   0   0   0   0  46   0   0   0   0   0   0   0   0   0   0   0   0   0  70   0   0   0   0   0   0   0   0   0   0  39  64   0   0  35  35  58   0   0   0  27   0   0   0   0   0   0   0   0   0   0   0   0  89   0   0   0   0   0
   0   0   0   0   0   0   0   0   0   0   0   0   0   0  29   0   0   0   0   0   0   0  93   0   0  35   0   0  67   0   0   0   0   0   0   0   0   0   0   0   0  70   0  93   0   0   4   0   0   0   0   0   0   0   0   0  90   0   0   0   0   0   0   0   0   0   0   0   0   0   0   0   0   0   0   0   0   0   0   0   0   0   0   0   0   0  52   0   0   0   0   0  59   0   0   0   0   0   0   0
   0   0   0   0   0   0   0   0   0   0   0   0   0   0   0   0   0   0   0   0   0   0   0   0  38   0   0   0   0   0   0   0   0   0   0   0   0   0  99   0   0   0   0   0   0   0   0   0   0   0   0   0   0   0   0  37   0   0   0   0  22   0   0   0   0   0  80   0   0   0   0   0   0   0   0  24   0   0   0  30   0   0   0   0   0   0   0   0   0   0   0   0   0   0   0  62   0   0   0   0
   0   0   0   0   0   0   4   0   0   0   0   0   0   0   0   0   0   0   0   0  77   0   0   0   0   0   0   0   0   0   0   0   0   0   0   0   0   0   0   0   0   0   0   0   0   0   0   0  24   0   0   0   0   0   0   0   0   0  16   0   0   0   0   0   0   0   0  57   0   0   0   0   0   0   0   0   0   0   0   0   0   0   0   0   0   0   0   0   0   0   0   0   0   0   0   0   0   0   0   0
   0   0   0   0   0   0   0  32  11   0  22   0   0   0  87  22   0   0   0   0   0   0   0   0   0   0   0   0   0   0   0   0   0   0   0  60   0  70   0   0   0   0   0   0   0   0   0   0  62   0   0   0   0   0   0   0   0   0   0   0   0   0   0   0   0   0   0   0   0   0   0   0   0   0   0   0   0   0   0   0   0   0   0   0   0   0   0   0   0   0   0   0   0   0   0   0   0   0   0   0
   0   0   0   0   0   0   0   0   0   0  92   0   0  86   0   0   0   0   0   0   0  15   0   0   0   0   0   0   0   0   0   0  21   0   0   0  34   0   0   0   0   0   0   0   0   0   0   0  90   0   0   0  37   0   0   0   0   0   0   0   0   0   0   0   0   0   0   0   0   0   0   0   0   0   0   0   0   0   0   0   0   0   0   0   0   0   0   0   0   0   0   0   0   0   0   0   0   0   0   0
   0   0   0   0   0   0   0   0   0   0   0   0   0   0   0   0  24   0   0   0   0   0   0   0   0   0   0   0   0   0   0   0   0   0   0   0   0   0   0   0   0   0   0   0   0   0   0   0   0   0   0  90   0   0   0   0   0   0   0   0  21   0   0   0   0   0   0   0   0   0   0  61   0   0   0   0   0   0   0   0   0   0   0   6   0   0   0   0   0   0   0   0   0  61   0   0   0   0   0   0
   0   0   0   0   0  19  72   0   0   0   0   0   0   0  75   0  14   0   0   0   0   0   0   0  39   0   0   0   0   0   0   0   0   0  18  21  26   0   0   0  91   0   0   0   0   0   0   0   0   0   0   0   0   0   0   0   0   0   0   0   0   4   0   0   0   0   0   0   0   0  11   0   0  78   0   0   0   0   0   0   0   0   0   0   0   0   0   0   0  52   0   0   0   0   0   0   0  74   0   0
   0   0   0   0   0   0   0   0   0  63  48  29   0   0   0   0   0   0   0   0   0   0  43   0  77   0   0   0   0   0   0   0   0   0   0  50   0   0   0   0  14   0   0   0   0   0   0   0   0   0   0   0   0  16   0   0   0   0   0   0   0   0   0   0   0   0   0   0   0   0  38   0   0   0   0   0   0   0   0   0   9   0   0   0   0   0  12   0   0   0   0   0   0   0   0   0   0   0   0   0
   0   0  94   0   0   0   0   0   0   0   0   0   0  49  38   0   0   0  60   0   0   0  60   0   0   0   0   0   0   0   0   0   0   0   0   0   0   0   0   0   0   0   0   0   0   0   0   0   0   0   0   0   0   0   0   0   0   0   0   0   0   0   0   0   0   0   0   0   0   0   0   0   0   0  78   0   0   0  85   0   0   0   0   0   0   0  93   0   0   0   0   0   0   0   0   0   0   0   0   0
   0   0  39   0   0   0   0   0   0   0   0  17  50   7   0   0   0   0   0   0   0   0   0   0   0   0   0   0   0   0   0   0   0   0  27   0   0   0   0   0   0   0   0  22   0   0  25  36   0   0  70   0  22   0   0   0  21   0   0   0   0   5   0   0  46   0   0   0   0   0   0   0   0   0   0   0   0   0   0   0   0   0   0   0   0   0   0   0  79   0   0   0   0   0   0   0   0  16   0   0
   0   0   0  45   0   0   0   0   0   0   0   0   0   0   0   0   0   0   0   0  15   0   0   0   0   8   0   0   0  90   0   0   0   0   0   0   0   0   0   0   0   0   0   0   0   0   0   0   0   0   0   0   0   0   0   0   0   4   0   0   5   0   0   0   0   0   0   0   0   0   0   0   0   0   0   0   1   0   0   0   0  79   0   0   0   0   0   0   0   0   0   0   0   0   0   0   0   0   0   0
   0   0   0   0   0  92   0   0   0   0   0   0   0   0   9   0   0   0   0   0   0   0   0   0   0   0   0  23   0   0   0   0   0   0   0   0   0  86   0   0   0   0   0   0   0   0   0   0  64   0   0   0   0   0   0   0   0   0   0   0   0   0   0   0  76   0   0   0   0   0  39   0   0   0   0   0   0   0   0   0   0   0   0   0   0   0  20   0   0   0   0   0  14   0   0   0   0  27   0   0
  52   0   0   0   0   0   0   0   0  18   0  39   0   0   0   0   3   0   0   0   0   0   0   0   0   0   0   0   0  43  97   0   0   0   0   0   0   0   0   0   0   0   0   0   0   0   0   0   0   0   0   0   0   0   0   0   0   0   0   0   0   0   0   0  61   0   0   0   0   0   0   0   0   0  76   0   0   0   0   0   0   0   0   0   0   0   0  40   0   0   0   0   0   0  47   0   0   0   0   0
   0   0   0   0   0   0   0   0   0   0   0   0  33   0   0   0   0   0   0   0   0  48   0   0   0   0   0  78   0   0   0   0   0   0   0   0   0   0  26   0   0   0   0   0  99  85   0   0   0   0   0   0   0   0   0   0   0   0   0   0  46   0  76  61   0  78   0   0   0   0   0  56   0   0   9   0   0   0   0   0   0   0   0   0   0   0   0   0   0   0   0   0   0   0   0   0   0   0   0   0
   0   0   0   0   0   0   0   0   3   0   0   0   0  48   0  78   0   0   0   0   0   0   0   0   0   0   0   0   0   0   0   0   0   0   0   0   0   0   0   0  70   0   0   0   0  88   0   0   0   0   0   0   0   0   0   0   0   0   0   0   0   0   0   0  78   0   0   0  87   0  11  26   0   0   0   0   0   0   0   0   0   0   0  13   0   0   0   0  47   0   0   0   0   0   0   0   0   0   0   0
   0   0   0  69   0   0   0   0   0   0   0   0   0   0   0   0   0  40   0   0   0   0   0   0   0   0   0   0   0   0   0   2   0   0   0   0   0   0   0   0   0   0   0   0   0   0   0   0   0   0   0   0  80   0   0   0   0   0   0   0   0   0   0   0   0   0   0   0   0   0   0   0   0   0   0   0   0   0   0   0   0   0   0   0   0   0  74   0   0  13   0   0   0   0   0   0   0   0  69   0
   0   0   0   0   0   0   0   0   0   0   0   0   0   0   0   0   0  82   0  19   0   0   0   0   0   0   0  73   0   0   0   0   0   0   0   0   0   0   0   0   0   0   0   0   0   0   0   0   0   0   0   0   0  57   0   0   0   0   0   0   0   0   0   0   0   0   0   0   0   0  74   0   0   0   0   0   0   0   0   0  46   0   0   0   0   0   0   0   0   0   0   0   0   0   0   0   0   0   0   0
   0   0  94   0   0   0  23   0   0   0   0   0   0   0   0   0   0   0   0   0   0   0   0   0   0   0  54   0   0   0   0  25   0   0   0   0   0  77   0   0   0   0   0   0   0   0   0   0   0   0   0   0   0   0   0   0   0   0   0   0   0   0   0   0   0  87   0   0   0  52   0   0   0   0   0   0   0   0   0   0   0   0   0   0   0   0   0   0   0   0   0   0  32   0   0   0   0   0   0   0
   0   0   0   0   0   0   0   0  94   0   0   0   0  29   0   0   0   0   0   0   0   0   0   0   0   0   0   0   0   0   0   0   0   0   0   0   0   0   0   0   0   0   0   0   0   0   0   0   0  26   0   0   0   0   0   0   0   0   0   0   0   0   0   0   0   0   0   0  52   0   0   0  29   0   0   0   0  79   0   0  76   0   0   0   0   0   0   0   0   0   0   0   0   0   0   0  61   0   0   0
   0   0   0   0   0   0   0   0   0   0   0   0   0   0   0   0   0   0  51   0   0   0   0   0   0   0   0   0   0   0  51   0   0   0   0   0   0   0   0   0   0   0  45   0   0   0   0   0   0   0   0   0   0   0   0   0   0  11  38   0   0   0  39   0   0  11   0  74   0   0   0   0   0   0  77   0   0   0   0   0   0   0   0   0   0   0   0   0   0   0   0   0   0   0   0   0   0   0   0   0
   0   0   0   0   0   0   0   0   0  53   0   0   0   8   0   0   0   0   0  40   0   0   0   0   0   0   0   0   0   0   0   0   0   0  44  93   0   0   0  67   0   0   0   0   0   0   0   0   0   0  39   0   0   0   0   0  61   0   0   0   0   0   0   0  56  26   0   0   0   0   0   0   0   0  79   0   0   0   0   0   0   0   0  40   0   0   0   0   0   0   0   0  85   0  92   0   0   0   0   0
   0   0   0   0   0   0  94   0   0   0   0   0  86   0   0   0   0   0   0  80  59   0   0   0   0   0   0   0   0   0   0   0   0   0   0   0  57   0   0  53   0   0   0   0   0   0   0   0   0   0  64   0   0   0   0   0   0   0   0   0   0   0   0   0   0   0   0   0   0  29   0   0   0   0   0  67   0   0   0   0   0   0   0   0   0   0   0   0   0   0   0   2   0   0   0   0   0   0   0   0
   0   0   0   0   0   0  85   0   0   0   0   0   0  84   0   0   0  47  66   0   0   0   0   0  44   0   8   0   0   0   0   0   0   0   0   0  30   0  20   0   0   0   0   0   0   0  66   0   0   0   0   0   0   0   0   0   0  78   0   0   0   0   0   0   0   0   0   0   0   0   0   0   0   0   0   0   0   0   0   0   0   0  28   0   0   0   0  32  88   0   0   0   0   0   0   0   0  89   0   4
   0   0   0   0   0   0   0   0   0   0   0   0   0  66   0   0   0   0   0   0   0   0   0   0   0   0   0   0   0   0   0   0   0   0   0   0  26   0   0   0   0   0   0   0   0   0   0   0   0   0   0   0   0   0   0   0   0   0   0  78   0   0   0  76   9   0   0   0   0   0  77  79   0   0   0   0   0   0   0   0   0   0   0   0   0   0  20   0   0   0   0   0   0   0   0   0   0   0   0   0
   0   0   0   0   0   0  42   0   0   0  37   0   0   0   0   0   0   0   0   0   0   0   0   0   0   0   0   0   0   0   0   0   0   0   0   0   0   0   0   0  20   0  19   0   0   0   0   0   0   0  35   0  24   0   0   0   0   0   0   0   0   0   0   0   0   0   0   0   0   0   0   0  67   0   0   0  24   0   0   9   0   0   0  25   0   0   0   0   0   0   0   0   0   0   0   0   0  75   0  93
   0   0   0   0   0   0   0   0   0   0   0   0   0   0  46  46   0   0   0   0   0   0   0   0   0   0  28   0   0   0   0   0   0  60   0   0   0   0   0   0   0  78   0   0   0   0   0   0   0  18  35   0   0   0   0   0   0   0   0   0   0   1   0   0   0   0   0   0   0   0   0   0   0   0   0  24   0  43   0   0   0   0   0   0   0   0   0   0   0   0   0   0   0   0   0   0   0  62   0   0
   0   0  76   0   0  92   0   0   0  36   0   0   0  54  15   0   0   0   0   0   0   0   0   0   0   0   0   0   0   0   0   0   0   0   0   0   0   0   0   0   0  28   0   0  76   0   0   0   0   0  58   0   0   0   0   0   0   0   0   0   0   0   0   0   0   0   0   0   0  79   0   0   0   0   0   0  43   0   0   0   0   0   0   0   0   0   0   0   0   0   0   0   0   0   0   0   0   0   0   0
   0   0   0   0   0  49   0   0   0  30   0   0   0   0   0   0   0   0   0   0   0   0   0   0   0   0  78   0   0   0   0   0   0  76   0   0   0   0   0   0   0   0   0   0   0   0   0   0   0   0   0   0   0   0   0   0   0   0   0  85   0   0   0   0   0   0   0   0   0   0   0   0   0   0   0   0   0   0   0   0   0   0   0   0   0   0   0   0   0   0   0   0   0   0   0   0  50   0   0   0
   0   0   0   0   0   0   0   0   0   0   0   0   0   0   0   0   0  23   0   0   0   0   0   0  31   0   0   0   0  62   0   0   0   0   0   0   0   0   0   0   0   0   0   0   0   0  83   0   0   0   0   0  30   0   0   0   0   0   0   0   0   0   0   0   0   0   0   0   0   0   0   0   0   0   0   9   0   0   0   0   0   0   0   0   0   0   0   0   0   0   0   0   0   0   0   0   0   0   0   0
   0   0   0   0   0   0   0   0   0   0   0   0   0   0   0   0   0   0   0   0  87   0   0   0   0   0   0   0  80   0   0   0   0   0   0   0   0   0   0   0   0   0   0   0   0   0   0   0   0   0   0   0   0   0   0   0   0   0   9   0   0   0   0   0   0   0   0  46   0  76   0   0   0   0   0   0   0   0   0   0   0   0   0   0  28   0   0   0   0   0   0   0   0   0   0   0   0   0   0  58
  23   0   0   0  72   0   0   0   0   0   0   0   0   0   0   0   0   0   0  55   0   0   0   0   0   0   0   0   0   0   0   0   0   0   0   0   0   0  26   0   0   0   0   0   0   0   0  91   0   0  27   0   0   0   0   0   0   0   0   0   0  79   0   0   0   0   0   0   0   0   0   0   0   0   0   0   0   0   0   0   0   0   0   0   0   0   0   0   0   0   0   0   0  36   0   0   0   0   0   0
   0   0   0   0   0   0   0  63  81   0   1   0   0   0   0   0   0   0   0  64   0   0   0   0   0   0   0   0   0   0   0   0   0   0   0   0   0   3   0   0   0   0   0   0   0  58   0   0   0   0   0   0   0   0   0   0   0   0   0   0   0   0   0   0   0   0   0   0   0   0   0   0   0  28   0   0   0   0   0   0   0   0   0   0   0   0   0   0   0   0   0   0   0   0   0   0   0   0   0   0
   0   0   0  66   0   0   0   0   0  52   0   0   0   0   0   0   0   0   0   0   0   0   0   0   0   0  67  35   0   0   0   0   0   0   0   0   0  79   0   0   0   0   0   0   0   0  82   0   0  87   0   0   0   0   0   0   6   0   0   0   0   0   0   0   0  13   0   0   0   0   0  40   0   0   0  25   0   0   0   0   0   0   0   0   0   0   9   0   0   0   0   0  57   0   0   0   0   0   0   0
  90   0   0   0   0   0   0   0  14   0   0   0  22   0   0   0   0   0   0   0   0   0   0   0   0   0   0   0   0   0   0   0   0   0   0   0  97   0   0   0   0   0   0  68  83   0   0   0   0   0   0   0   0   0   0   0   0   0   0   0   0   0   0   0   0   0   0   0   0   0   0   0   0   0   0   0   0   0   0   0  28   0   0   0   0   0   0   0  13   0   0   0   0   0   0   0   0   0   0   0
   0   0   0   0   0   0   0   0   0   0   0   0   0   0   0   0   0   0   0   0   0   0   0   0   0   0   0  22  48  56   0   0   0   0   0   0   0   1   0   0   0   0  20   0   0   0   0   0   0   0   0   0   0   0   0   0   0   0   0   0   0   0   0   0   0   0   0   0   0   0   0   0   0   0   0   0   0   0   0   0   0   0   0   0   0   0   0   0  85   0   0   0   0   0   0   0   0   0   0   0
   0   0   0   0   0   0   0  61   0   0  78   0   0   0   0   0   0   0   0   0   0   0   0   0   0   0   0   0   0   0  26   0   0   0   0   0   0   0   0   0   0   0   0   0   0   0  56   0   0   0   0  52   0   0   0   0   0   0  12  93   0   0  20   0   0   0  74   0   0   0   0   0   0   0  20   0   0   0   0   0   0   0   0   9   0   0   0   0   0   0   0   0   0   0   0   0   0   0   0   0
   0   0  83   0   0   0   0   0   0   0   0   0   0   0   0   0   0   0   0   0   0   0   0   0   0   0   0   0   0   0   0   0   0   0   0   0   0   0   0  54   0   0   0   0   0   0  93   0   0   0   0   0   0   0   0   0   0   0   0   0   0   0   0  40   0   0   0   0   0   0   0   0   0  32   0   0   0   0   0   0   0   0   0   0   0   0   0   0   0  73   0   0   0   0   0   0  39   0   0   0
   0   0   0   0   0   0  74   0  66   0   0   0   0  60 100   0  90   0   0   0   0   0   0   0   0   0   0   0   0   0   0  77   0   0   0   0   0   0   0   0   0   0   0   0   0   0   0   0   0   0   0   0   0   0   0   0   0   0   0   0  79   0   0   0   0  47   0   0   0   0   0   0   0  88   0   0   0   0   0   0   0   0   0   0  13  85   0   0   0   0   0   0   0  70   0   0   0   0   0   0
   0   0   0   0   0   0   4   0   0  61   0  17   0   0   0   0   0   0   0  89   0  12   0   0   0   0   0   0   0   0   0   0   0   0  14   0   0   0   0   0   0   0   0   0   0   0   0   0   0   0   0   0   0   0   0   0   0  52   0   0   0   0   0   0   0   0  13   0   0   0   0   0   0   0   0   0   0   0   0   0   0   0   0   0   0   0   0  73   0   0   0   0   0   0   0   0  36   0   0   0
   0   0   0   0   0   0   0   0   0   0   0   0   0   0   0   0   0   0  27   0   0   0   0   0   0   0   0  55   0   0   0   0   0   0   0   0   0   0  88   0  76   0   0   0   0   0   0   0   0   0   0   0   0   0   0   0   0   0   0   0   0   0   0   0   0   0   0   0   0   0   0   0   0   0   0   0   0   0   0   0   0   0   0   0   0   0   0   0   0   0   0   0  93   0   0   0   0   0   0  82
   0   0   0  77   0   0   0   0   0   0   0   0   0   0   0   0  78   0   0   0  68  96   0 100  58   0   0   0   0   0   0   0   0   0   0  68   0  27   0   0   0   0   0   0   0   6   0   0   0   0   0   0   0   0   0   0   0   0   0   0   0   0   0   0   0   0   0   0   0   0   0   0   2   0   0   0   0   0   0   0   0   0   0   0   0   0   0   0   0   0   0   0   0   0   0   0   0   0   0   0
   0   0   0   0   0   0   0   0   0   0   0   0   0   0   0   0   0  94   0   0  54   0   0   0   0   0   0   0   0   0   0   0  87   0   0   0   0   0  17   0  87   0   0   0   0   0   0   0   0   0   0  59   0   0   0   0   0   0   0   0   0   0  14   0   0   0   0   0  32   0   0  85   0   0   0   0   0   0   0   0   0   0   0  57   0   0   0   0   0   0  93   0   0   0   0   0   0   0   0   0
   0   0   0   0   0   0   0   0   0   0   0   0   0   0   0   0   0   0   0  89   0   0   0   0   0   0   0   2   0   0  70   0   0   0   0   0   0   0  69   0   0   0  29  35   0   0   0   0   0   0   0   0   0   0   0   0  61   0   0   0   0   0   0   0   0   0   0   0   0   0   0   0   0   0   0   0   0   0   0   0   0  36   0   0   0   0   0   0  70   0   0   0   0   0   0   0  93   0   0   0
   0   0   0   0   0   0   0   0   0   0   0   0   0   0   0  25   0   0   0   0   0   0   0   0   0   0   0   0   0   0   0   0   0   0   0   0   0   0   0   0   0  62   0   0   0   0   0   0  58   0  89   0   0   0   0   0   0   0   0   0   0   0   0  47   0   0   0   0   0   0   0  92   0   0   0   0   0   0   0   0   0   0   0   0   0   0   0   0   0   0   0   0   0   0   0   0   0   0   0   0
   0   0   0   0   0   0   0   0   0  24   0   0   0  34   0   0   0   0   0   0   0   0   0   0   0   0   0   0   0  60  95  44   0   0   0   0   0   0   0   0   0   0   0   0   0  26  36   0   0   0   0   0  62   0   0   0   0   0   0   0   0   0   0   0   0   0   0   0   0   0   0   0   0   0   0   0   0   0   0   0   0   0   0   0   0   0   0   0   0   0   0   0   0   0   0   0   0  43   0   0
   0   0  80   0   0  17   0   0   0   0   0   0   0   0   0   0  80   0   0   0   0   0   0   0   0   0   0   0  42   0   0   0   0   0   0   0   0   0   0   0   0   0  51   0   0   0   0   0   0  62   0   0   0   0   0   0   0   0   0   0   0   0   0   0   0   0   0   0   0  61   0   0   0   0   0   0   0   0  50   0   0   0   0   0   0   0   0  39   0  36   0   0   0  93   0   0   0   0  90  68
   0   0   0   0   0   0   0   0   0   0   0   0   0   0   0   0   0  28   0   0   0   0   0   0   0   0   0   0   0   0   0   0   0   0   0   0   0   0   0   0   0   0   0   0   0   0  12   0   0   0   0   0   0   0   0   0   0  74   0   0  16   0  27   0   0   0   0   0   0   0   0   0   0  89   0  75  62   0   0   0   0   0   0   0   0   0   0   0   0   0   0   0   0   0   0  43   0   0   0   0
   0   0   0   0   0  73   0   0   0   0   0   0   0   0   0   0   0   0  36   0   0   0   0   0   0   0   0   0   0   0   0   0   0   0   0   0   0   0   0   0  20   0   0   0   0   0   0   0   0   0   0   0   0   0   0   0   0   0   0   0   0   0   0   0   0   0  69   0   0   0   0   0   0   0   0   0   0   0   0   0   0   0   0   0   0   0   0   0   0   0   0   0   0   0   0   0  90   0   0   0
   0   0  23   0   0   0   0   0  29   0  88   0   0   0   0   0   0   0   0   0   0   0   0   0   0   0   0   0   0   0   0   0   0  87   0   0 100   0   0   0   0   0   0   0   0   0   0   0   0   0   0   0   0   0   0   0   0   0   0   0   0   0   0   0   0   0   0   0   0   0   0   0   0   4   0  93   0   0   0   0  58   0   0   0   0   0   0   0   0   0  82   0   0   0   0   0  68   0   0   0 
0 0 0 0 0 0 0 0 0 0 0 0 0 0 0 0 0 0 0 0 0 0 0 0 0 0 0 0 0 0 0 0 0 0 0 0 0 0 0 0 0 0 0 0 0 0 0 0 0 0 0 0 0 0 0 0 0 0 0 0 0 0 0 0 0 0 0 0 0 0 0 0 0 0 0 0 0 0 0 0 0 0 0 0 0 0 0 0 0 0 0 0 0 0 0 0 0 0 0 0 